55224
55227
55230
55233
55236
55239
55242
55245
55248
55251
55254
55257
55260
55263
55266
55269
55272
55275
55278
55281
55284
55287
55290
55293
55296
55299
55302
55305
55308
55311
55314
55317
55320
55323
55326
55329
55332
55335
55338
55341
55344
55347
55350
55353
55356
55359
55362
55365
55368
55371
55374
55377
55380
55383
55386
55389
55392
55395
55398
55401
55404
55407
55410
55413
55416
55419
55422
55425
55428
55431
55434
55437
55440
55443
55446
55449
55452
55455
55458
55461
55464
55467
55470
55473
55476
55479
55482
55485
55488
55491
55494
55497
55500
55503
55506
55509
55512
55515
55518
55521
55524
55527
55530
55533
55536
55539
55542
55545
55548
55551
55554
55557
55560
55563
55566
55569
55572
55575
55578
55581
55584
55587
55590
55593
55596
55599
55602
55605
55608
55611
55614
55617
55620
55623
55626
55629
55632
55635
55638
55641
55644
55647
55650
55653
55656
55659
55662
55665
55668
55671
55674
55677
55680
55683
55686
55689
55692
55695
55698
55701
55704
55707
55710
55713
55716
55719
55722
55725
55728
55731
55734
55737
55740
55743
55746
55749
55752
55755
55758
55761
55764
55767
55770
55773
55776
55779
55782
55785
55788
55791
55794
55797
55800
55803
55806
55809
55812
55815
55818
55821
55824
55827
55830
55833
55836
55839
55842
55845
55848
55851
55854
55857
55860
55863
55866
55869
55872
55875
55878
55881
55884
55887
55890
55893
55896
55899
55902
55905
55908
55911
55914
55917
55920
55923
55926
55929
55932
55935
55938
55941
55944
55947
55950
55953
55956
55959
55962
55965
55968
55971
55974
55977
55980
55983
55986
55989
55992
55995
55998
56001
56004
56007
56010
56013
56016
56019
56022
56025
56028
56031
56034
56037
56040
56043
56046
56049
56052
56055
56058
56061
56064
56067
56070
56073
56076
56079
56082
56085
56088
56091
56094
56097
56100
56103
56106
56109
56112
56115
56118
56121
56124
56127
56130
56133
56136
56139
56142
56145
56148
56151
56154
56157
56160
56163
56166
56169
56172
56175
56178
56181
56184
56187
56190
56193
56196
56199
56202
56205
56208
56211
56214
56217
56220
56223
56226
56229
56232
56235
56238
56241
56244
56247
56250
56253
56256
56259
56262
56265
56268
56271
56274
56277
56280
56283
56286
56289
56292
56295
56298
56301
56304
56307
56310
56313
56316
56319
56322
56325
56328
56331
56334
56337
56340
56343
56346
56349
56352
56355
56358
56361
56364
56367
56370
56373
56376
56379
56382
56385
56388
56391
56394
56397
56400
56403
56406
56409
56412
56415
56418
56421
56424
56427
56430
56433
56436
56439
56442
56445
56448
56451
56454
56457
56460
56463
56466
56469
56472
56475
56478
56481
56484
56487
56490
56493
56496
56499
56502
56505
56508
56511
56514
56517
56520
56523
56526
56529
56532
56535
56538
56541
56544
56547
56550
56553
56556
56559
56562
56565
56568
56571
56574
56577
56580
56583
56586
56589
56592
56595
56598
56601
56604
56607
56610
56613
56616
56619
56622
56625
56628
56631
56634
56637
56640
56643
56646
56649
56652
56655
56658
56661
56664
56667
56670
56673
56676
56679
56682
56685
56688
56691
56694
56697
56700
56703
56706
56709
56712
56715
56718
56721
56724
56727
56730
56733
56736
56739
56742
56745
56748
56751
56754
56757
56760
56763
56766
56769
56772
56775
56778
56781
56784
56787
56790
56793
56796
56799
56802
56805
56808
56811
56814
56817
56820
56823
56826
56829
56832
56835
56838
56841
56844
56847
56850
56853
56856
56859
56862
56865
56868
56871
56874
56877
56880
56883
56886
56889
56892
56895
56898
56901
56904
56907
56910
56913
56916
56919
56922
56925
56928
56931
56934
56937
56940
56943
56946
56949
56952
56955
56958
56961
56964
56967
56970
56973
56976
56979
56982
56985
56988
56991
56994
56997
57000
57003
57006
57009
57012
57015
57018
57021
57024
57027
57030
57033
57036
57039
57042
57045
57048
57051
57054
57057
57060
57063
57066
57069
57072
57075
57078
57081
57084
57087
57090
57093
57096
57099
57102
57105
57108
57111
57114
57117
57120
57123
57126
57129
57132
57135
57138
57141
57144
57147
57150
57153
57156
57159
57162
57165
57168
57171
57174
57177
57180
57183
57186
57189
57192
57195
57198
57201
57204
57207
57210
57213
57216
57219
57222
57225
57228
57231
57234
57237
57240
57243
57246
57249
57252
57255
57258
57261
57264
57267
57270
57273
57276
57279
57282
57285
57288
57291
57294
57297
57300
57303
57306
57309
57312
57315
57318
57321
57324
57327
57330
57333
57336
57339
57342
57345
57348
57351
57354
57357
57360
57363
57366
57369
57372
57375
57378
57381
57384
57387
57390
57393
57396
57399
57402
57405
57408
57411
57414
57417
57420
57423
57426
57429
57432
57435
57438
57441
57444
57447
57450
57453
57456
57459
57462
57465
57468
57471
57474
57477
57480
57483
57486
57489
57492
57495
57498
57501
57504
57507
57510
57513
57516
57519
57522
57525
57528
57531
57534
57537
57540
57543
57546
57549
57552
57555
57558
57561
57564
57567
57570
57573
57576
57579
57582
57585
57588
57591
57594
57597
57600
57603
57606
57609
57612
57615
57618
57621
57624
57627
57630
57633
57636
57639
57642
57645
57648
57651
57654
57657
57660
57663
57666
57669
57672
57675
57678
57681
57684
57687
57690
57693
57696
57699
57702
57705
57708
57711
57714
57717
57720
57723
57726
57729
57732
57735
57738
57741
57744
57747
57750
57753
57756
57759
57762
57765
57768
57771
57774
57777
57780
57783
57786
57789
57792
57795
57798
57801
57804
57807
57810
57813
57816
57819
57822
57825
57828
57831
57834
57837
57840
57843
57846
57849
57852
57855
57858
57861
57864
57867
57870
57873
57876
57879
57882
57885
57888
57891
57894
57897
57900
57903
57906
57909
57912
57915
57918
57921
57924
57927
57930
57933
57936
57939
57942
57945
57948
57951
57954
57957
57960
57963
57966
57969
57972
57975
57978
57981
57984
57987
57990
57993
57996
57999
58002
58005
58008
58011
58014
58017
58020
58023
58026
58029
58032
58035
58038
58041
58044
58047
58050
58053
58056
58059
58062
58065
58068
58071
58074
58077
58080
58083
58086
58089
58092
58095
58098
58101
58104
58107
58110
58113
58116
58119
58122
58125
58128
58131
58134
58137
58140
58143
58146
58149
58152
58155
58158
58161
58164
58167
58170
58173
58176
58179
58182
58185
58188
58191
58194
58197
58200
58203
58206
58209
58212
58215
58218
58221
58224
58227
58230
58233
58236
58239
58242
58245
58248
58251
58254
58257
58260
58263
58266
58269
58272
58275
58278
58281
58284
58287
58290
58293
58296
58299
58302
58305
58308
58311
58314
58317
58320
58323
58326
58329
58332
58335
58338
58341
58344
58347
58350
58353
58356
58359
58362
58365
58368
58371
58374
58377
58380
58383
58386
58389
58392
58395
58398
58401
58404
58407
58410
58413
58416
58419
58422
58425
58428
58431
58434
58437
58440
58443
58446
58449
58452
58455
58458
58461
58464
58467
58470
58473
58476
58479
58482
58485
58488
58491
58494
58497
58500
58503
58506
58509
58512
58515
58518
58521
58524
58527
58530
58533
58536
58539
58542
58545
58548
58551
58554
58557
58560
58563
58566
58569
58572
58575
58578
58581
58584
58587
58590
58593
58596
58599
58602
58605
58608
58611
58614
58617
58620
58623
58626
58629
58632
58635
58638
58641
58644
58647
58650
58653
58656
58659
58662
58665
58668
58671
58674
58677
58680
58683
58686
58689
58692
58695
58698
58701
58704
58707
58710
58713
58716
58719
58722
58725
58728
58731
58734
58737
58740
58743
58746
58749
58752
58755
58758
58761
58764
58767
58770
58773
58776
58779
58782
58785
58788
58791
58794
58797
58800
58803
58806
58809
58812
58815
58818
58821
58824
58827
58830
58833
58836
58839
58842
58845
58848
58851
58854
58857
58860
58863
58866
58869
58872
58875
58878
58881
58884
58887
58890
58893
58896
58899
58902
58905
58908
58911
58914
58917
58920
58923
58926
58929
58932
58935
58938
58941
58944
58947
58950
58953
58956
58959
58962
58965
58968
58971
58974
58977
58980
58983
58986
58989
58992
58995
58998
59001
59004
59007
59010
59013
59016
59019
59022
59025
59028
59031
59034
59037
59040
59043
59046
59049
59052
59055
59058
59061
59124
59127
59130
59133
59136
59139
59142
59145
59148
59151
59154
59157
59160
59163
59166
59169
59172
59175
59178
59181
59184
59187
59190
59193
59196
59199
59202
59205
59208
59211
59214
59217
59220
59223
59226
59229
59232
59235
59238
59241
59244
59247
59250
59253
59256
59259
59262
59265
59268
59271
59274
59277
59280
59283
59286
59289
59292
59295
59298
59301
59304
59307
59310
59313
59316
59319
59322
59325
59328
59331
59334
59337
59340
59343
59346
59349
59352
59355
59358
59361
59364
59367
59370
59373
59376
59379
59382
59385
59388
59391
59394
59397
59400
59403
59406
59409
59412
59415
59418
59421
59424
59427
59430
59433
59436
59439
59442
59445
59448
59451
59454
59457
59460
59463
59466
59469
